Achternaam,Voornaam,Stud.Nr.,Vak1,Vak2,Vak3,Vak4,Vak5,
Abbing,Yanick,52311353,Analysemethoden_en_technieken,Data_Mining,Lineaire_Algebra,Software_engineering
Adam,Roelof,76903244,Webprogrammeren_en_databases,
Agema,Willibrordus,6709529,Calculus_2,
Anker,Servaas,70015932,Architectuur_en_computerorganisatie,Software_engineering
Ankone,Wissal,82066165,Compilerbouw_practicum,Project_Genetic_Algorithms
Apeldoorn,Herman,1886996,Advanced_Heuristics,Heuristieken_2
Appel,Evi,13534377,Collectieve_Intelligentie,
Appelhof,Wilmer,54395877,Programmeren_in_Java_2,
Arendse,Benjamin,53512831,Webprogrammeren_en_databases,
Aslan,Diny,56348773,Calculus_2,
Autar,Chesney,13218321,Moderne_Databases,
Avci,Martin,13284244,Compilerbouw,Project_Numerical_Recipes
Baetsen,Gidon,36748818,Informatie_en_organsatieontwerp,Moderne_Databases
Bakkum,Rhona,50184318,Collectieve_Intelligentie,Moderne_Databases
Bart,Wafa,64296965,Analysemethoden_en_technieken,Collectieve_Intelligentie,Databases_2,Kansrekenen_2
Baselmans,Sharan,42778953,Collectieve_Intelligentie,Compilerbouw,Lineaire_Algebra,Project_Numerical_Recipes
Bastings,Edin,82689818,Algoritmen_en_complexiteit,Architectuur_en_computerorganisatie,Collectieve_Intelligentie,Databases_2,Netwerken_en_systeembeveiliging,
Baudoin,Mattijs,81385263,Algoritmen_en_complexiteit,Compilerbouw,Interactie_ontwerp,Lineaire_Algebra,Netwerken_en_systeembeveiliging,
Bauer,Ravi,51741554,Calculus_2,Collectieve_Intelligentie,Netwerken_en_systeembeveiliging,
Becht,Wiert,63939720,Project_Numerical_Recipes,
Bekkema,Kyllian,70844780,Advanced_Heuristics,Netwerken_en_systeembeveiliging,Reflectie_op_de_digitale_cultuur,
Bekker,Marrie,97135019,Calculus_2,Collectieve_Intelligentie,Netwerken_en_systeembeveiliging,Zoeken_sturen_en_bewegen,
Berentsen,Angèle,78136904,Advanced_Heuristics,Algoritmen_en_complexiteit,Kansrekenen_2,Reflectie_op_de_digitale_cultuur
Bergmans,Emil,8522855,Algoritmen_en_complexiteit,Kansrekenen_2,Netwerken_en_systeembeveiliging,Project_Genetic_Algorithms
Berkers,Tian,27064249,Advanced_Heuristics,Calculus_2,Webprogrammeren_en_databases,
Berrevoets,Annique,82872148,Netwerken_en_systeembeveiliging,Software_engineering
Besemer,Theadora,93023961,Data_Mining,
Beulen,Abdallah,22871048,Analysemethoden_en_technieken,Autonomous_Agents_2,Heuristieken_1,Reflectie_op_de_digitale_cultuur,Software_engineering,
Beunen,Eltjo,96554914,Reflectie_op_de_digitale_cultuur,Software_engineering
Bhaggoe,Saba,41585485,Algoritmen_en_complexiteit,Kansrekenen_2,Programmeren_in_Java_2,
Bischoff,Ella,46052388,Collectieve_Intelligentie,
Blijleven,Perry,34691309,Project_Numerical_Recipes,
Blik,Thyrza,54074680,Lineaire_Algebra,
Blikman,Jarik,81200278,Bioinformatica,Data_Mining,Heuristieken_2,Interactie_ontwerp,Netwerken_en_systeembeveiliging,
Blikman,Monika,18266644,Analysemethoden_en_technieken,Informatie_en_organsatieontwerp,Kansrekenen_2,Netwerken_en_systeembeveiliging
Bloemert,Marco,1075391,Collectieve_Intelligentie,
Bloemsma,Anjana,44151631,Compilerbouw_practicum,
Blomsma,Guilliano,69459473,Project_Genetic_Algorithms,Webprogrammeren_en_databases
Boateng,Lenne,40791377,Compilerbouw,Machine_Learning
Boekema,Amadou,5368702,Compilerbouw,Interactie_ontwerp,Kansrekenen_2,
Bol,Armin,88737765,Analysemethoden_en_technieken,Project_Genetic_Algorithms
Bolding,Rayn,27916487,Moderne_Databases,
Bontenbal,Jeremey,20239127,Kansrekenen_2,Reflectie_op_de_digitale_cultuur
Bood,Tariq,28943658,Programmeren_in_Java_2,
Boogert,Hiba,70939718,Calculus_2,Netwerken_en_systeembeveiliging
Borg,Kely,73893840,Programmeren_in_Java_2,
Borsboom,Ken,51415617,Reflectie_op_de_digitale_cultuur,
Boshuis,Narin,19540225,Algoritmen_en_complexiteit,
Bosman,Rudolph,93361408,Calculus_2,
Boutkan,Jael,59220392,Calculus_2,Zoeken_sturen_en_bewegen,
Braamhaar,Resi,82233873,Zoeken_sturen_en_bewegen
Brans,Hanne,36785409,Analysemethoden_en_technieken,Reflectie_op_de_digitale_cultuur,Technology_for_games,
Brasser,Cyrina,77831658,Analysemethoden_en_technieken,Bioinformatica,Project_Numerical_Recipes,
Brink,Femia,45556081,Architectuur_en_computerorganisatie,Collectieve_Intelligentie
Brink,Renze,5615125,Calculus_2,Kansrekenen_2,Webprogrammeren_en_databases,
Brinks,Nyncke,44940353,Kansrekenen_2,
Brinksma,Wulfert,49922855,Reflectie_op_de_digitale_cultuur,
Broeks,Ilyass,56815156,Analysemethoden_en_technieken,Bioinformatica,Zoeken_sturen_en_bewegen
Broer,Ethan,14671406,Algoritmen_en_complexiteit,Kansrekenen_2,Software_engineering,
Broerse,Tarah,62872965,Autonomous_Agents_2,Lineaire_Algebra
Bronsema,Devlin,23257088,Databases_2,Informatie_en_organsatieontwerp,Programmeren_in_Java_2,
Bruijnes,Sayfeddine,91196968,Data_Mining,Kansrekenen_2,Lineaire_Algebra,Programmeren_in_Java_2
Brunsveld,Virginie,5517869,Autonomous_Agents_2,Collectieve_Intelligentie,Databases_2,Lineaire_Algebra,Moderne_Databases,
Brusse,Angus,62736669,Databases_2,Netwerken_en_systeembeveiliging
Budel,Allan,87602030,Calculus_2,Heuristieken_2,Project_Genetic_Algorithms,
Buining,Wytske,86988337,Algoritmen_en_complexiteit,Compilerbouw,Databases_2,Programmeren_in_Java_2,Reflectie_op_de_digitale_cultuur,
Buizer,Rika,77636749,Informatie_en_organsatieontwerp,Kansrekenen_2,Technology_for_games,
Buter,Vivianne,86807027,Advanced_Heuristics,Calculus_2,Heuristieken_1,Programmeren_in_Java_2,Project_Numerical_Recipes,
Buth,Abdül,29718115,Architectuur_en_computerorganisatie,Informatie_en_organsatieontwerp
Buurma,Donné,54569540,Kansrekenen_2,Reflectie_op_de_digitale_cultuur
Caris,Lucienne,12077419,Algoritmen_en_complexiteit,Compilerbouw,Technology_for_games,
Çetin,Samyra,22826928,Bioinformatica,Programmeren_in_Java_2,Reflectie_op_de_digitale_cultuur,
Charité,Liana,60661905,Analysemethoden_en_technieken,Programmeren_in_Java_2,Reflectie_op_de_digitale_cultuur,
Christiaens,Yde,96054456,Bioinformatica,Calculus_2,Databases_2,Kansrekenen_2,Programmeren_in_Java_2,
Claassen,Hailey,13718298,Analysemethoden_en_technieken,Reflectie_op_de_digitale_cultuur,Software_engineering,
Cleven,Seyit,52304977,Heuristieken_2,
Coenen,Jorike,7957843,Compilerbouw,Netwerken_en_systeembeveiliging,Project_Numerical_Recipes,
Cooijmans,Laurentia,33760909,Calculus_2,Collectieve_Intelligentie,Heuristieken_2,
Corten,Mitzi,15911353,Compilerbouw,
Corvers,Jildou,24891081,Webprogrammeren_en_databases,
Cramer,Abdelouahid,5590289,Netwerken_en_systeembeveiliging,
Cramer,Hananja,27582862,Programmeren_in_Java_2,Software_engineering
Crombach,Jonas,65003379,Kansrekenen_2,
Curfs,Güven,27370083,Reflectie_op_de_digitale_cultuur,
Curvers,Everhard,17496687,Informatie_en_organsatieontwerp,
Daams,Amélie,15249775,Heuristieken_2,Programmeren_in_Java_2
Dams,Gradus,66701209,Compilerbouw,Project_Genetic_Algorithms
Dane,Goos,41644639,Compilerbouw_practicum,Project_Genetic_Algorithms,Zoeken_sturen_en_bewegen
de_Boon,Manuël,46701583,Algoritmen_en_complexiteit,Calculus_2,Machine_Learning,Programmeren_in_Java_2,Project_Genetic_Algorithms,
de_Hoogh,Albertien,58565406,Software_engineering,Technology_for_games
de_Jongste,Kathryn,19214659,Interactie_ontwerp,Project_Numerical_Recipes
de_Kanter,Anes,96082155,Moderne_Databases,
de_Kreij,Krijna,33946407,Zoeken_sturen_en_bewegen
de_Kuijer,Farhad,63573738,Netwerken_en_systeembeveiliging,Project_Numerical_Recipes
de_Leest,Janniek,66433883,Algoritmen_en_complexiteit,Programmeren_in_Java_2
de_Leest,Wieke,90743504,Lineaire_Algebra,
de_Looff,Yana,3727435,Software_engineering,
de_Olde,Alexandre,16011419,Lineaire_Algebra,
de_Olde,Müslüm,3678531,Calculus_2,Programmeren_in_Java_2
de_Smit,Ziggy,82968410,Heuristieken_2,
de_Snoo,Ça?la,51673172,Compilerbouw_practicum,Project_Genetic_Algorithms
de_Vreeze,Marije,64393888,Collectieve_Intelligentie,Programmeren_in_Java_2
de_Zoete,Linne,39919665,Kansrekenen_2,
Deniz,Quido,93566383,Interactie_ontwerp,Lineaire_Algebra,Programmeren_in_Java_2,
Diallo,Brigitta,50143947,Algoritmen_en_complexiteit,Collectieve_Intelligentie,Compilerbouw_practicum,Data_Mining,Software_engineering,
Dibbets,Boy,670011,Databases_2,Heuristieken_2,Lineaire_Algebra,Programmeren_in_Java_2
Dielen,Marjory,65978354,Calculus_2,
Dieperink,Pietro,76487754,Technology_for_games,
Dieters,André,57467488,Algoritmen_en_complexiteit,Databases_2,Heuristieken_1,Netwerken_en_systeembeveiliging
Doedens,Kelly,47932106,Calculus_2,Databases_2
Doeve,Winfried,37419523,Project_Numerical_Recipes,
Donselaar,Oumaima,19958553,Informatie_en_organsatieontwerp,
Doppenberg,Maruschka,53267490,Netwerken_en_systeembeveiliging,
Dröge,Siri,40911986,Project_Numerical_Recipes,
Droog,S?la,3168419,Advanced_Heuristics,Bioinformatica,Databases_2,
Droste,Ko,26260141,Algoritmen_en_complexiteit,Calculus_2,Software_engineering,
Duiveman,Doede,68315599,Compilerbouw,Informatie_en_organsatieontwerp,Moderne_Databases,Technology_for_games,Zoeken_sturen_en_bewegen
Dumoulin,Rintje,78822885,Analysemethoden_en_technieken,
Eeltink,Brecht,75599734,Compilerbouw,Software_engineering
Eggens,Wissal,4529208,Databases_2,Zoeken_sturen_en_bewegen,
Eggermont,Catharinus,31103066,Software_engineering,
Eisinga,Mattie,59075181,Heuristieken_1,Kansrekenen_2,Netwerken_en_systeembeveiliging,
Eissens,Ludovicus,59544049,Bioinformatica,Kansrekenen_2,Software_engineering,
Elberse,Pearl,59397895,Databases_2,
Elissen,Raven,33930505,Bioinformatica,Netwerken_en_systeembeveiliging
Elschot,Bauke,79033175,Compilerbouw,
Elschot,Geerten,31633723,Kansrekenen_2,Software_engineering
Ensink,Dinah,7492204,Kansrekenen_2,Programmeren_in_Java_2
Essink,Hande,1181560,Moderne_Databases,
Essink,Jaro,54772132,Compilerbouw,Netwerken_en_systeembeveiliging,Programmeren_in_Java_2,
Ester,Herwin,74131924,Autonomous_Agents_2,Bioinformatica,Data_Mining,
Fekkes,Jurrian,27298319,Algoritmen_en_complexiteit,Autonomous_Agents_2,Calculus_2,Zoeken_sturen_en_bewegen,
Fennis,Nurcan,66621166,Moderne_Databases,
Fleming,Antonius,65852230,Compilerbouw,
Florijn,Belle,14941752,Heuristieken_1,Project_Numerical_Recipes
Fokkens,Diemer,85335143,Analysemethoden_en_technieken,Bioinformatica,Calculus_2,Moderne_Databases,Technology_for_games,
Freriks,Ynze,37830626,Software_engineering,
Geboers,Nordin,45414528,Data_Mining,Programmeren_in_Java_2
Geelen,Bahattin,93041523,Technology_for_games,
Geers,Sohrab,87758823,Collectieve_Intelligentie,Lineaire_Algebra,Zoeken_sturen_en_bewegen
Geluk,Patric,67073567,Webprogrammeren_en_databases,
Gerritse,Eddy,18477924,Analysemethoden_en_technieken,
Gielissen,Deacon,11915563,Autonomous_Agents_2,Compilerbouw,Kansrekenen_2,Software_engineering
Giesen,Richenel,14637758,Analysemethoden_en_technieken,
Gijbels,Abdelkader,48308205,Compilerbouw,Lineaire_Algebra,Project_Numerical_Recipes,Technology_for_games
Gilsing,Marco,49219163,Moderne_Databases,
Gök,Maritte,78243495,Heuristieken_2,Moderne_Databases,Software_engineering,Webprogrammeren_en_databases
Goor,Rivelino,19337738,Data_Mining,
Grift,Umar,70113753,Autonomous_Agents_2,Programmeren_in_Java_2
Groote,Rijkje,4546613,Calculus_2,Interactie_ontwerp,Software_engineering,
Grooteman,Ünal,7106649,Heuristieken_2,Technology_for_games
Grootenboer,Yalda,72895450,Algoritmen_en_complexiteit,Compilerbouw,Project_Numerical_Recipes,Webprogrammeren_en_databases
Haalboom,Faruk,13132925,Databases_2,
Haanstra,Jetty,53139134,Calculus_2,
Haarman,Gabe,77264363,Technology_for_games,
Haas,Eylem,58332004,Databases_2,Informatie_en_organsatieontwerp,Kansrekenen_2,Moderne_Databases,Programmeren_in_Java_2,
Hamelink,Virgill,51593625,Programmeren_in_Java_2,Software_engineering
Hamers,Judi,14383795,Compilerbouw_practicum,Technology_for_games
Hamhuis,Olle,51472074,Compilerbouw_practicum,
Hamstra,Sahar,71839156,Compilerbouw_practicum,Heuristieken_1,Lineaire_Algebra,
Hartevelt,Ervin,20095994,Reflectie_op_de_digitale_cultuur,
Heijman,Berdina,14398123,Kansrekenen_2,Netwerken_en_systeembeveiliging,Project_Genetic_Algorithms,
Heijnen,Guus,6939933,Calculus_2,Project_Numerical_Recipes
Heikoop,Rosali,1048485,Netwerken_en_systeembeveiliging,Programmeren_in_Java_2,Software_engineering,
Heller,Mahmud,99453514,Data_Mining,Reflectie_op_de_digitale_cultuur
Hijdra,Sergio,38179241,Calculus_2,Interactie_ontwerp
Hilhorst,Bo,36508571,Autonomous_Agents_2,Lineaire_Algebra
Hoeksema,Dana,49683101,Architectuur_en_computerorganisatie,Compilerbouw,Machine_Learning,
Hoenderdos,Sverre,58480929,Analysemethoden_en_technieken,
Hofman,Anne_Jet,49908313,Webprogrammeren_en_databases,
Holstein,Johanne,535689,Compilerbouw_practicum,Netwerken_en_systeembeveiliging
Holt,Nesrin,5526560,Databases_2,Project_Genetic_Algorithms
Holtkamp,Florus,34900967,Analysemethoden_en_technieken,Programmeren_in_Java_2
Hoogerbrugge,Christal,43460038,Architectuur_en_computerorganisatie,Software_engineering,Webprogrammeren_en_databases,
Hooijmaijers,Esmée,62356458,Autonomous_Agents_2,Project_Numerical_Recipes,Software_engineering,
Hooiveld,Michal,87314964,Data_Mining,
Hoornstra,Catherine,10149535,Architectuur_en_computerorganisatie,Calculus_2,Lineaire_Algebra,Technology_for_games
Horstink,Tea,2317551,Compilerbouw,Programmeren_in_Java_2
Hospers,Wichard,31416266,Collectieve_Intelligentie,Lineaire_Algebra,Programmeren_in_Java_2,
Huibers,Kyra,41790793,Webprogrammeren_en_databases,
Hunting,Paulette,5298748,Bioinformatica,Reflectie_op_de_digitale_cultuur
Hup,Ytje,87210640,Heuristieken_1,
IJkema,Frédéric,77376714,Algoritmen_en_complexiteit,Moderne_Databases,Software_engineering,
Imthorn,Marnik,88597745,Programmeren_in_Java_2,Zoeken_sturen_en_bewegen,
Jackson,Geartsje,45660925,Heuristieken_1,
Jacob,Rino,91139627,Kansrekenen_2,
Jagersma,Faya,73823548,Calculus_2,Databases_2,Project_Numerical_Recipes,
Jak,Paulo,54540997,Databases_2,
Jama,Owen,28359697,Bioinformatica,Zoeken_sturen_en_bewegen,
Janga,Le,84524083,Compilerbouw,Heuristieken_2,Kansrekenen_2,Reflectie_op_de_digitale_cultuur
Jankie,Kyan,66122625,Data_Mining,Heuristieken_1
Jansema,Nikolas,21192048,Technology_for_games,
Jongbloed,Tamar,94467156,Kansrekenen_2,Machine_Learning,Programmeren_in_Java_2,Project_Genetic_Algorithms,Software_engineering,
Jongejan,Jenske,15902055,Algoritmen_en_complexiteit,Calculus_2,Collectieve_Intelligentie,Programmeren_in_Java_2
Jonkergouw,Aradhna,92496780,Technology_for_games,
Joris,Gerritjan,75585647,Calculus_2,Informatie_en_organsatieontwerp
Joseph,Maïssae,80709893,Lineaire_Algebra,Software_engineering
Kalpoe,Miko,10702778,Programmeren_in_Java_2,
Kalshoven,Chrystel,38499176,Compilerbouw_practicum,Kansrekenen_2,Lineaire_Algebra,Netwerken_en_systeembeveiliging,Programmeren_in_Java_2,
Kamp,Yaro,6249823,Technology_for_games,Webprogrammeren_en_databases
Kampers,Riana,92778619,Programmeren_in_Java_2,Reflectie_op_de_digitale_cultuur,Zoeken_sturen_en_bewegen
Kant,Juliëtte,75005528,Databases_2,Lineaire_Algebra,Project_Numerical_Recipes,
Karim,Esmé,3685034,Kansrekenen_2,Machine_Learning,Project_Numerical_Recipes,Reflectie_op_de_digitale_cultuur
Keijser,Devon,69634191,Interactie_ontwerp,
Kemps,Enya,58083680,Databases_2,
Kentie,Ceciel,33776961,Moderne_Databases,Programmeren_in_Java_2,Reflectie_op_de_digitale_cultuur,
Kersten,Thys,11459236,Compilerbouw_practicum,Informatie_en_organsatieontwerp
Kesteloo,Kimmy,34773179,Collectieve_Intelligentie,Project_Genetic_Algorithms
Keuken,Lysbeth,1766560,Compilerbouw,Moderne_Databases,Project_Numerical_Recipes,
Kienhuis,Rahim,99272880,Compilerbouw_practicum,Kansrekenen_2,Programmeren_in_Java_2,
Kivits,Sezen,59887191,Netwerken_en_systeembeveiliging,Zoeken_sturen_en_bewegen,
Klarenbeek,Ylse,62701040,Collectieve_Intelligentie,Informatie_en_organsatieontwerp,Programmeren_in_Java_2,
Klop,Adil,58040377,Calculus_2,Heuristieken_2,Programmeren_in_Java_2,
Knibbe,Danique,16097870,Analysemethoden_en_technieken,Autonomous_Agents_2,Calculus_2,Heuristieken_2,Lineaire_Algebra,
Knuiman,George,43689934,Compilerbouw,
Koelemij,Evelyn,10792879,Calculus_2,Compilerbouw,Kansrekenen_2,
Kol,Djura,43680781,Bioinformatica,Moderne_Databases,Reflectie_op_de_digitale_cultuur,Technology_for_games
Koning,Matz,48601268,Collectieve_Intelligentie,Software_engineering
Kooijmans,Nuriye,75997788,Advanced_Heuristics,Analysemethoden_en_technieken,Calculus_2,Heuristieken_1,Moderne_Databases,
Kooyman,Thijn,88855695,Calculus_2,Compilerbouw
Koppers,Yee,81155296,Calculus_2,Interactie_ontwerp
Kops,Eveline,47260040,Compilerbouw_practicum,
Korbee,Titia,86291592,Collectieve_Intelligentie,Compilerbouw,Netwerken_en_systeembeveiliging,Programmeren_in_Java_2,Project_Numerical_Recipes,
Korpershoek,Djuri,27241113,Moderne_Databases,
Korte,Gineke,13798030,Architectuur_en_computerorganisatie,
Kortlever,Sharen,51542218,Analysemethoden_en_technieken,Databases_2,Kansrekenen_2,
Kost,Remon,87900893,Calculus_2,Data_Mining
Koudijs,Cherissa,96118484,Lineaire_Algebra,
Krabbe,Fynn,21677389,Interactie_ontwerp,Netwerken_en_systeembeveiliging
Kreijkes,Nikie,34588570,Lineaire_Algebra,
Krikke,Do?ukan,1695839,Compilerbouw_practicum,
Kroonen,Corry,247918,Bioinformatica,Databases_2
Kropman,Ngoc,38329455,Kansrekenen_2,
Kros,Vincent,22699561,Collectieve_Intelligentie,
Kuijpers,Resul,54026378,Autonomous_Agents_2,Bioinformatica,Software_engineering,
Kwantes,Machteld,97417002,Heuristieken_1,
Kwee,Esperanza,79366078,Kansrekenen_2,
Lagendijk,Nadeem,78735049,Calculus_2,Kansrekenen_2
Laman,Christianus,14303208,Calculus_2,Compilerbouw_practicum,Webprogrammeren_en_databases,
Lamme,Mathyn,31897288,Heuristieken_1,Heuristieken_2
Lantinga,Buck,23547619,Advanced_Heuristics,Collectieve_Intelligentie,Interactie_ontwerp,Technology_for_games,Zoeken_sturen_en_bewegen
Lathouwers,Hanan,11068043,Bioinformatica,Compilerbouw_practicum,Project_Numerical_Recipes,Software_engineering
Lathouwers,Mouna,29526540,Bioinformatica,Databases_2,Moderne_Databases,
Lau,Yvan,79937969,Lineaire_Algebra,
Laurijssen,Seyed,62613937,Advanced_Heuristics,Analysemethoden_en_technieken
Leemburg,Mellisa,47477884,Advanced_Heuristics,Calculus_2,Databases_2,Programmeren_in_Java_2
Leidelmeijer,Rein,36527838,Lineaire_Algebra,Moderne_Databases,Zoeken_sturen_en_bewegen
Leijen,Björn,3233378,Collectieve_Intelligentie,Software_engineering
Leijenaar,Jory,25994016,Compilerbouw_practicum,Project_Genetic_Algorithms
Lemaire,Haroun,44868097,Bioinformatica,Calculus_2,Software_engineering,
Lems,Nadège,77960666,Databases_2,Programmeren_in_Java_2,Reflectie_op_de_digitale_cultuur,
Lentz,Sanne,40434933,Architectuur_en_computerorganisatie,Databases_2,Technology_for_games,Webprogrammeren_en_databases
Levels,Federico,13911001,Compilerbouw,Compilerbouw_practicum,Moderne_Databases,
Liebregts,Chi,88596522,Algoritmen_en_complexiteit,Compilerbouw_practicum
Lima,Maurice,74361881,Compilerbouw_practicum,Project_Genetic_Algorithms
Lindhout,Hetty,1696500,Collectieve_Intelligentie,Heuristieken_1,Netwerken_en_systeembeveiliging,
Loeffen,Dingenus,16912993,Netwerken_en_systeembeveiliging,
Lohuis,Wannes,76802764,Compilerbouw,
Looij,Malcolm,56872729,Calculus_2,Databases_2,Lineaire_Algebra,
Lopez,Fredrika,21095566,Algoritmen_en_complexiteit,Software_engineering
Lugthart,Sherwin,77306636,Calculus_2,
Luten,Yi,63634350,Calculus_2,Compilerbouw_practicum,Heuristieken_2,Kansrekenen_2,Programmeren_in_Java_2,
Luth,Mathé,97838175,Analysemethoden_en_technieken,Zoeken_sturen_en_bewegen,
Machielsen,Pim,51186803,Kansrekenen_2,
Majoor,Valéry,58522654,Bioinformatica,Collectieve_Intelligentie,Compilerbouw,Kansrekenen_2
Malestein,Dorenda,42115591,Analysemethoden_en_technieken,Kansrekenen_2,Lineaire_Algebra,Software_engineering
Melis,Noelle,55480737,Project_Genetic_Algorithms,
Menke,Noud,44391517,Compilerbouw,Programmeren_in_Java_2,Zoeken_sturen_en_bewegen
Metselaar,Bodie,24613625,Bioinformatica,Compilerbouw,Project_Genetic_Algorithms,
Metzelaar,Miquel,86000192,Calculus_2,Collectieve_Intelligentie,Programmeren_in_Java_2,
Meulmeester,Roan,68409833,Autonomous_Agents_2,Lineaire_Algebra,Project_Genetic_Algorithms,Software_engineering
Middel,Myron,72683344,Advanced_Heuristics,Architectuur_en_computerorganisatie
Miedema,Maron,99283252,Moderne_Databases,Project_Genetic_Algorithms,Software_engineering,
Mijnheer,Marcellus,4783858,Calculus_2,Collectieve_Intelligentie,Heuristieken_1,Software_engineering
Milder,Eyup,75623387,Calculus_2,
Milder,Oliver,27925117,Architectuur_en_computerorganisatie,Calculus_2,Heuristieken_2,Project_Genetic_Algorithms
Modderkolk,Jo_Anne,56749879,Bioinformatica,Databases_2,Heuristieken_1,Kansrekenen_2,Programmeren_in_Java_2,
Modderkolk,Jorren,72577292,Advanced_Heuristics,Architectuur_en_computerorganisatie,Collectieve_Intelligentie,Webprogrammeren_en_databases
Moes,Lisse,53585410,Algoritmen_en_complexiteit,Calculus_2,Compilerbouw_practicum,Programmeren_in_Java_2
Moeskops,Antonetta,26857113,Machine_Learning,Programmeren_in_Java_2
Mok,Lamia,84110134,Kansrekenen_2,Project_Numerical_Recipes,Software_engineering,
Mol,Sonny,44671041,Programmeren_in_Java_2,Software_engineering
Mullenders,Shannon,54310617,Collectieve_Intelligentie,Kansrekenen_2
Munsters,Doetje,10872825,Kansrekenen_2,
Mutsaers,Callista,64418623,Compilerbouw_practicum,
Nagel,Claudine,63096281,Programmeren_in_Java_2,
Neve,Fauve,70336464,Technology_for_games,
Nieman,Randell,4697362,Technology_for_games,
Nieuwenhuizen,Jurrit,1137946,Webprogrammeren_en_databases,
Niezen,Inas,67817269,Algoritmen_en_complexiteit,
Nijs,Vesna,51650744,Moderne_Databases,
Noordhuis,Harry,72586808,Analysemethoden_en_technieken,Netwerken_en_systeembeveiliging
Noordzij,Juliët,46570285,Calculus_2,Kansrekenen_2,Moderne_Databases,
Noot,Henricus,88519892,Programmeren_in_Java_2,
Notermans,Inger,13092455,Collectieve_Intelligentie,Databases_2,Project_Numerical_Recipes,Reflectie_op_de_digitale_cultuur
Nuiten,Geurt,61060652,Heuristieken_1,Lineaire_Algebra,Software_engineering,
Numan,Lee,40141996,Calculus_2,Databases_2
Odijk,Rieke,30658799,Compilerbouw,Moderne_Databases
Okkerse,Seb,90067329,Machine_Learning,
Ooijen,Steijn,86180471,Calculus_2,Databases_2,Project_Genetic_Algorithms,
Oosterbeek,Rins,13116738,Data_Mining,Informatie_en_organsatieontwerp,Zoeken_sturen_en_bewegen
Oosterbroek,Lilly,13210212,Zoeken_sturen_en_bewegen
Oostvogels,Romaisa,22731474,Bioinformatica,Heuristieken_2,Kansrekenen_2,Project_Numerical_Recipes
Overbeeke,Casimir,17575088,Collectieve_Intelligentie,
Paauwe,Shakir,30195935,Bioinformatica,Netwerken_en_systeembeveiliging
Paijmans,Redouane,75664412,Compilerbouw,Netwerken_en_systeembeveiliging,Technology_for_games,
Panman,Loulou,79888156,Calculus_2,
Pastoor,Farah,3407554,Compilerbouw,Compilerbouw_practicum
Pater,Vincentius,34765676,Algoritmen_en_complexiteit,Heuristieken_2,Interactie_ontwerp,
Paulissen,Solane,1665980,Algoritmen_en_complexiteit,Collectieve_Intelligentie,Compilerbouw_practicum,
Peijs,Xander,96104167,Collectieve_Intelligentie,
Pelders,Heba,75680261,Project_Genetic_Algorithms,
Pereira,Luca,23798155,Analysemethoden_en_technieken,Architectuur_en_computerorganisatie,Kansrekenen_2,Machine_Learning
Philippi,Ilana,58866007,Architectuur_en_computerorganisatie,Lineaire_Algebra
Philips,Kaoutar,20883994,Advanced_Heuristics,Bioinformatica,Kansrekenen_2,
Piek,Rémy,5976174,Algoritmen_en_complexiteit,Heuristieken_2,Machine_Learning,Software_engineering
Plaizier,Wijntje,85284256,Netwerken_en_systeembeveiliging,Programmeren_in_Java_2
Planken,Giedo,47605891,Kansrekenen_2,
Plasman,Nathanaël,2416751,Programmeren_in_Java_2,Webprogrammeren_en_databases
Pleiter,Matthijs,77240949,Collectieve_Intelligentie,Kansrekenen_2,Machine_Learning,
Poepjes,Zahir,31247305,Kansrekenen_2,Netwerken_en_systeembeveiliging,Software_engineering,
Poldervaart,Gustaaf,58253841,Calculus_2,Project_Genetic_Algorithms,Zoeken_sturen_en_bewegen
Polfliet,Rafaela,72665524,Advanced_Heuristics,Calculus_2,Compilerbouw_practicum,Netwerken_en_systeembeveiliging
Popma,Stephano,34872117,Architectuur_en_computerorganisatie,Compilerbouw,Databases_2,
Postuma,Timo,36903574,Algoritmen_en_complexiteit,Heuristieken_1,Kansrekenen_2,Netwerken_en_systeembeveiliging,Programmeren_in_Java_2,
Potgieter,Desireé,64947290,Algoritmen_en_complexiteit,Databases_2,Programmeren_in_Java_2,
Pothuizen,Aart,27950803,Compilerbouw,Project_Genetic_Algorithms,Reflectie_op_de_digitale_cultuur,Software_engineering
Pothuizen,Mink,85236626,Heuristieken_2,Machine_Learning,Programmeren_in_Java_2,
Potman,Genesis,123355,Netwerken_en_systeembeveiliging,
Prevoo,Hendrik_Jan,27805666,Reflectie_op_de_digitale_cultuur,
Prinssen,Annigje,3883025,Moderne_Databases,Netwerken_en_systeembeveiliging
Pruijmboom,Javier,82412626,Calculus_2,
Putters,André,37110913,Autonomous_Agents_2,Data_Mining,Heuristieken_1,Reflectie_op_de_digitale_cultuur,Technology_for_games,
Putters,Luciana,61611295,Autonomous_Agents_2,
Quik,Semiha,32044893,Project_Numerical_Recipes,Reflectie_op_de_digitale_cultuur
Raaijmakers,Haiko,38296757,Calculus_2,Machine_Learning,Reflectie_op_de_digitale_cultuur,
Ramcharan,Erdal,25077484,Databases_2,Project_Genetic_Algorithms
Reek,Adisa,20618153,Programmeren_in_Java_2,Webprogrammeren_en_databases
Regeling,Jarik,4353500,Heuristieken_1,Netwerken_en_systeembeveiliging
Reintjes,Romello,29474737,Collectieve_Intelligentie,
Remijn,Nadir,25557516,Netwerken_en_systeembeveiliging,
Renes,Taeke,23215240,Compilerbouw_practicum,Programmeren_in_Java_2
Reuvekamp,Cheyenna,3474870,Algoritmen_en_complexiteit,Lineaire_Algebra,Webprogrammeren_en_databases,
Richardson,Léonie,58699305,Calculus_2,Moderne_Databases
Ridderhof,Abdeslam,37279234,Calculus_2,Programmeren_in_Java_2
Rienks,Kimm,62105897,Calculus_2,Programmeren_in_Java_2,Software_engineering,
Rijkens,Lorraine,27123462,Databases_2,
Rinkel,Karam,41527759,Algoritmen_en_complexiteit,Kansrekenen_2,Software_engineering,
Rodenburg,Fatime,7308727,Bioinformatica,Collectieve_Intelligentie,Netwerken_en_systeembeveiliging,Project_Numerical_Recipes
Roest,Yarah,18144425,Moderne_Databases,
Roeterdink,Tori,22168693,Calculus_2,
Rokx,Shan,60352393,Advanced_Heuristics,Databases_2,Netwerken_en_systeembeveiliging,Reflectie_op_de_digitale_cultuur,Zoeken_sturen_en_bewegen
Rombout,Krijntje,65408517,Calculus_2,Software_engineering
Roodbeen,Karolina,76123484,Collectieve_Intelligentie,Databases_2,Webprogrammeren_en_databases,Zoeken_sturen_en_bewegen,
Rooijmans,Ziya,43902015,Algoritmen_en_complexiteit,Databases_2,Webprogrammeren_en_databases,
Roozendaal,Jennie,72547110,Kansrekenen_2,
Rosenbrand,Jake,72526473,Calculus_2,
Rotgans,Roma,88176729,Bioinformatica,Software_engineering
Rothuizen,Tevfik,40343779,Algoritmen_en_complexiteit,Netwerken_en_systeembeveiliging,Software_engineering,
Rottier,Sivar,17222374,Collectieve_Intelligentie,Databases_2,Moderne_Databases,
Rovers,Eleanora,92665222,Advanced_Heuristics,Compilerbouw
Rust,Jannette,19662602,Project_Numerical_Recipes,
Rutte,Tea,76393508,Heuristieken_1,
Sarikaya,Angelica,52552718,Autonomous_Agents_2,Databases_2,Software_engineering,
Scheffers,Imran,48357272,Analysemethoden_en_technieken,Calculus_2,Heuristieken_1,Software_engineering
Schellevis,Albertine,80188025,Analysemethoden_en_technieken,Calculus_2
Scheltema,Minoesch,73302736,Analysemethoden_en_technieken,Calculus_2,Software_engineering,
Scherpenzeel,Jackson,94955328,Analysemethoden_en_technieken,Kansrekenen_2,Lineaire_Algebra,Programmeren_in_Java_2
Schijvenaars,Xiao,33252501,Machine_Learning,
Schoneveld,Elbertha,12091019,Calculus_2,Databases_2
Schoonderwoerd,Jaiden,72652638,Heuristieken_2,
Schoutens,Nassira,90296821,Programmeren_in_Java_2,
Schrader,Arif,14179347,Calculus_2,Project_Genetic_Algorithms
Schrama,Emrah,44901052,Autonomous_Agents_2,Heuristieken_1,Informatie_en_organsatieontwerp,Netwerken_en_systeembeveiliging,Technology_for_games,
Schrauwen,Silvy,4709948,Moderne_Databases,Netwerken_en_systeembeveiliging,Programmeren_in_Java_2,Reflectie_op_de_digitale_cultuur
Schuiling,Thom,64246605,Netwerken_en_systeembeveiliging,
Selten,Levien,58469172,Calculus_2,Kansrekenen_2,Programmeren_in_Java_2,
Selten,Marianka,34173695,Calculus_2,
Sieben,Michèl,83443653,Analysemethoden_en_technieken,Heuristieken_1
Siemonsma,Enes,35330349,Collectieve_Intelligentie,Lineaire_Algebra
Sier,Patricia,73236988,Bioinformatica,Compilerbouw,Project_Numerical_Recipes,Software_engineering
Siero,Christiana,68601184,Collectieve_Intelligentie,Programmeren_in_Java_2
Sijmons,Servet,40633534,Advanced_Heuristics,Project_Genetic_Algorithms
Sikking,Saif,14072826,Software_engineering,
Sips,Jimi,64228258,Calculus_2,Collectieve_Intelligentie,Webprogrammeren_en_databases,
Slangen,Noë,92977271,Heuristieken_1,Informatie_en_organsatieontwerp,Programmeren_in_Java_2,
Slob,Xanne,80998260,Lineaire_Algebra,
Smallegange,Rachell,9287708,Software_engineering,
Snelder,Shaya,19858730,Autonomous_Agents_2,Heuristieken_1
Snippe,Dolf,57419039,Zoeken_sturen_en_bewegen
Soekhai,Marck,77392404,Netwerken_en_systeembeveiliging,Reflectie_op_de_digitale_cultuur,Webprogrammeren_en_databases,
Sonnemans,Logan,91527663,Algoritmen_en_complexiteit,Databases_2
Speelman,Marrit,76924297,Interactie_ontwerp,Kansrekenen_2,Project_Genetic_Algorithms,
Spronck,Kenan,42297781,Compilerbouw_practicum,
Steeman,Ya,37804282,Zoeken_sturen_en_bewegen
Stegink,Sharief,26207525,Databases_2,Netwerken_en_systeembeveiliging
Sterenberg,Orçun,79167252,Calculus_2,Compilerbouw,Programmeren_in_Java_2,
Stienen,Wichard,55412918,Calculus_2,Lineaire_Algebra
Stokkel,Tom,74182182,Calculus_2,Kansrekenen_2,Lineaire_Algebra,Project_Numerical_Recipes
Stoppels,Franke,64554442,Algoritmen_en_complexiteit,
Streefland,Kamil,17823206,Data_Mining,Kansrekenen_2,Programmeren_in_Java_2,
Stroo,Gonca,39905995,Programmeren_in_Java_2,
Stuurman,Franklin,56121590,Databases_2,Netwerken_en_systeembeveiliging
Swiers,Chaimae,4921119,Analysemethoden_en_technieken,Databases_2,Lineaire_Algebra,Programmeren_in_Java_2
t_Jong,Christoffel,83415514,Calculus_2,Moderne_Databases,Programmeren_in_Java_2,
t_Lam,Jorg,47982619,Programmeren_in_Java_2,Technology_for_games
Talhaoui,Nermin,89985072,Bioinformatica,Compilerbouw_practicum,Software_engineering,
Tamis,Elbertus,39659121,Kansrekenen_2,
Tap,Olof,88263855,Programmeren_in_Java_2,
Tas,Sanja,95631564,Compilerbouw,Software_engineering
Tas,Skye,49631542,Databases_2,Kansrekenen_2,Moderne_Databases,
te_Braak,Nanette,83266686,Architectuur_en_computerorganisatie,Calculus_2,Compilerbouw,Moderne_Databases
Teekens,Xiao,37399898,Interactie_ontwerp,Lineaire_Algebra,Programmeren_in_Java_2,Reflectie_op_de_digitale_cultuur,Zoeken_sturen_en_bewegen
ten_Pas,Maan,20331158,Architectuur_en_computerorganisatie,Heuristieken_1,Kansrekenen_2,
ten_Pas,Tjalle,94686490,Calculus_2,Databases_2,Lineaire_Algebra,
ter_Heide,Pleun,4568018,Bioinformatica,Compilerbouw_practicum,Heuristieken_1,Software_engineering
Terpstra,Aboubakr,82854435,Analysemethoden_en_technieken,
Tettero,Arianna,64053722,Programmeren_in_Java_2,
Teuben,Jonah,53202517,Bioinformatica,Compilerbouw,Webprogrammeren_en_databases,Zoeken_sturen_en_bewegen,
Thielen,Rochelle,34262212,Kansrekenen_2,Programmeren_in_Java_2
Thoma,Silvie,57595888,Collectieve_Intelligentie,Compilerbouw_practicum
Tielemans,Ard,21964491,Algoritmen_en_complexiteit,Bioinformatica,Collectieve_Intelligentie,Data_Mining,Programmeren_in_Java_2,
Tijhof,Raja,36213792,Reflectie_op_de_digitale_cultuur,
Tip,Bilal,19058315,Netwerken_en_systeembeveiliging,
Tjeerdsma,Sarena,14591033,Bioinformatica,Calculus_2,Heuristieken_1,Kansrekenen_2,Lineaire_Algebra,
Toetenel,Hedwich,66034145,Interactie_ontwerp,Webprogrammeren_en_databases
Toren,Samentha,24875739,Calculus_2,Kansrekenen_2
Traa,Liza,83869542,Databases_2,Heuristieken_2
Truijen,Tom,9067939,Compilerbouw,Zoeken_sturen_en_bewegen,
Tunç,Jacey,82390428,Reflectie_op_de_digitale_cultuur,
Twigt,Annamaria,78544592,Calculus_2,Moderne_Databases
Ubbink,Arina,57701414,Zoeken_sturen_en_bewegen
Udo,Emme,42171678,Collectieve_Intelligentie,Heuristieken_1,Moderne_Databases,Zoeken_sturen_en_bewegen,
Uitslag,Felien,43027916,Analysemethoden_en_technieken,Collectieve_Intelligentie,Databases_2,Heuristieken_2
Ursem,Keely,14816774,Bioinformatica,Calculus_2,Databases_2,Heuristieken_1
Vaatstra,Nygel,14309255,Compilerbouw,Moderne_Databases,Software_engineering,Technology_for_games
Valster,Dineke,20830477,Heuristieken_1,Programmeren_in_Java_2
van_Aaken,Shairon,24167153,Zoeken_sturen_en_bewegen
van_Aalderen,Saïd,63408522,Kansrekenen_2,
van_Amelsvoort,Cherilyn,97019450,Analysemethoden_en_technieken,Heuristieken_1,Kansrekenen_2,Programmeren_in_Java_2
van_Amerongen,Leo,73196865,Programmeren_in_Java_2,
van_Amersfoort,Peter_Jan,65318664,Analysemethoden_en_technieken,Software_engineering
van_Apeldoorn,Jacky,28055464,Interactie_ontwerp,
van_Baaren,Nika,87830198,Analysemethoden_en_technieken,Netwerken_en_systeembeveiliging,Project_Genetic_Algorithms,Reflectie_op_de_digitale_cultuur
van_Barneveld,Cemil,90474003,Databases_2,Reflectie_op_de_digitale_cultuur,Zoeken_sturen_en_bewegen
van_Bavel,Johannus,81022997,Data_Mining,Heuristieken_2,Netwerken_en_systeembeveiliging,Project_Numerical_Recipes
van_Bentem,Lody,21070547,Project_Numerical_Recipes,
van_Berkom,Ynte,99975346,Heuristieken_2,Reflectie_op_de_digitale_cultuur
van_Bezooijen,Liedeke,28357474,Collectieve_Intelligentie,Software_engineering
van_de_Bunt,Emircan,75759231,Compilerbouw,
van_de_Geijn,Robbie,70193386,Analysemethoden_en_technieken,Reflectie_op_de_digitale_cultuur
van_de_Kraats,Patryk,63111000,Machine_Learning,Moderne_Databases,Programmeren_in_Java_2,
van_de_Kruijs,Kamila,81116418,Project_Numerical_Recipes,
van_de_Kruijs,Rayen,27187154,Calculus_2,Compilerbouw,Kansrekenen_2,Machine_Learning,Programmeren_in_Java_2,
van_de_Kuilen,Roswitha,32183908,Project_Numerical_Recipes,
van_de_Pavert,Rudy,31306819,Calculus_2,
van_de_Pol,Shawny,42196732,Bioinformatica,Collectieve_Intelligentie,Databases_2,Lineaire_Algebra
van_de_Ridder,Leida,6913074,Bioinformatica,Calculus_2,Programmeren_in_Java_2,Reflectie_op_de_digitale_cultuur
van_de_Sanden,Jurre,66120270,Bioinformatica,Netwerken_en_systeembeveiliging
van_de_Wardt,Paulette,61518436,Kansrekenen_2,Machine_Learning,Reflectie_op_de_digitale_cultuur,
van_den_Berg,Nanke,67625383,Machine_Learning,
van_den_Boer,Btissam,97371272,Kansrekenen_2,Technology_for_games
van_den_Born,Enrique,32204977,Compilerbouw_practicum,Informatie_en_organsatieontwerp,Technology_for_games,
van_den_Eijnde,Cyrano,81218347,Heuristieken_1,Kansrekenen_2,Lineaire_Algebra,
van_den_Engel,Ceren,8464817,Compilerbouw,Programmeren_in_Java_2
van_den_Ham,Cyrille,51791169,Programmeren_in_Java_2,
van_den_Hoogen,Léon,55530367,Calculus_2,
van_den_Oord,Amos,79858178,Kansrekenen_2,
van_der_Doelen,Chelly,57086672,Analysemethoden_en_technieken,Heuristieken_2,Reflectie_op_de_digitale_cultuur,Webprogrammeren_en_databases
van_der_Drift,Tamar,55103073,Compilerbouw_practicum,
van_der_Gaag,Lakshmi,15187217,Databases_2,
van_der_Geer,Deejay,51566595,Algoritmen_en_complexiteit,Autonomous_Agents_2,Data_Mining,Databases_2,Heuristieken_2,
van_der_Gulik,Ferhan,41489515,Moderne_Databases,
van_der_Klei,Daisy,77896638,Collectieve_Intelligentie,Compilerbouw,Databases_2,Lineaire_Algebra,Programmeren_in_Java_2,
van_der_Leek,Pearl,59111489,Moderne_Databases,
van_der_Marel,Ay?egül,51509565,Algoritmen_en_complexiteit,
van_der_Meer,Aïcha,23983476,Algoritmen_en_complexiteit,Informatie_en_organsatieontwerp,Programmeren_in_Java_2,
van_der_Meeren,Abdul,64600457,Bioinformatica,Calculus_2,Moderne_Databases,Programmeren_in_Java_2
van_der_Meij,Geerte,60312776,Collectieve_Intelligentie,Compilerbouw,Project_Numerical_Recipes,Software_engineering
van_der_Niet,Maritha,41578612,Analysemethoden_en_technieken,Lineaire_Algebra,Project_Genetic_Algorithms,Reflectie_op_de_digitale_cultuur,Technology_for_games,
van_der_Plaats,Johannes,22288615,Programmeren_in_Java_2,Webprogrammeren_en_databases
van_der_Plas,Graciella,32705005,Calculus_2,Kansrekenen_2
van_der_Steege,Darian,23391676,Kansrekenen_2,Programmeren_in_Java_2
van_der_Ster,Tos,23628642,Calculus_2,
van_der_Stoel,Scotty,94687383,Compilerbouw,Programmeren_in_Java_2
van_der_Vleuten,Yun,8557857,Informatie_en_organsatieontwerp,
van_der_Wiel,Josef,48678993,Analysemethoden_en_technieken,Heuristieken_2,Netwerken_en_systeembeveiliging,Project_Genetic_Algorithms
van_der_Zwet,Jos,6723948,Bioinformatica,Calculus_2,Compilerbouw,Programmeren_in_Java_2,Zoeken_sturen_en_bewegen
van_Dieten,George,5739011,Heuristieken_2,
van_Dinther,Ilayda,11593163,Calculus_2,
van_Eert,Naciye,55474917,Kansrekenen_2,Lineaire_Algebra,Programmeren_in_Java_2,Software_engineering
van_Eeuwijk,Jayme,13996448,Data_Mining,Programmeren_in_Java_2,Project_Numerical_Recipes,
van_Eijndhoven,Juan,42406214,Project_Numerical_Recipes,Reflectie_op_de_digitale_cultuur
van_Geest,Wytse,82688900,Kansrekenen_2,
van_Gerwen,Carmela,76661016,Calculus_2,Compilerbouw,Interactie_ontwerp,Project_Genetic_Algorithms
van_Groeningen,Joshi,5595824,Analysemethoden_en_technieken,Compilerbouw
van_Hall,Ouidad,37744525,Data_Mining,Machine_Learning,Netwerken_en_systeembeveiliging,Programmeren_in_Java_2,Software_engineering,
van_Halteren,Walther,69086548,Kansrekenen_2,Technology_for_games
van_Herten,Tamimount,88627897,Autonomous_Agents_2,Zoeken_sturen_en_bewegen,
van_Hezik,Shauny,63955238,Kansrekenen_2,Zoeken_sturen_en_bewegen,
van_Ierland,Nalinie,76648468,Webprogrammeren_en_databases,
van_Ingen,Berit,3707829,Algoritmen_en_complexiteit,Interactie_ontwerp,Zoeken_sturen_en_bewegen
van_Iwaarden,Aidan,80135353,Compilerbouw,Programmeren_in_Java_2
van_Kalsbeek,Ciske,25330192,Data_Mining,Netwerken_en_systeembeveiliging
van_Kasteel,Yücel,45915482,Calculus_2,Software_engineering,Zoeken_sturen_en_bewegen
van_Kessel,Romany,75446434,Calculus_2,
van_Kommer,Demelza,79617364,Bioinformatica,Calculus_2,Lineaire_Algebra,
van_Leussen,Seval,68286356,Reflectie_op_de_digitale_cultuur,
van_Lingen,Ruveyda,28618400,Advanced_Heuristics,Architectuur_en_computerorganisatie,Netwerken_en_systeembeveiliging,Project_Numerical_Recipes
van_Lingen,Touraya,68360259,Data_Mining,
van_Loon,Harwin,26406342,Collectieve_Intelligentie,Compilerbouw_practicum,Databases_2,Technology_for_games
van_Loveren,Lammigje,39459642,Autonomous_Agents_2,Compilerbouw,Databases_2,Machine_Learning,Programmeren_in_Java_2,
van_Luttikhuizen,Fae,56544130,Analysemethoden_en_technieken,Calculus_2
van_Maarseveen,Micha,78821918,Analysemethoden_en_technieken,Databases_2,Moderne_Databases,Project_Genetic_Algorithms
van_Marle,Meta,34243356,Analysemethoden_en_technieken,Compilerbouw,Kansrekenen_2,Lineaire_Algebra,Netwerken_en_systeembeveiliging,
van_Maurik,Léon,88752563,Calculus_2,Compilerbouw,Databases_2,Project_Numerical_Recipes
van_Mierlo,Abram,89180944,Architectuur_en_computerorganisatie,Moderne_Databases,Software_engineering,Webprogrammeren_en_databases
van_Montfort,Ans,59753700,Data_Mining,Reflectie_op_de_digitale_cultuur,Zoeken_sturen_en_bewegen
van_Mourik,Yuri,33877725,Bioinformatica,Software_engineering,Webprogrammeren_en_databases,
van_Munster,Yang,90103047,Project_Numerical_Recipes,
van_Oss,Miguel,12170832,Netwerken_en_systeembeveiliging,
van_Osta,Nanet,2550487,Interactie_ontwerp,Programmeren_in_Java_2,Project_Numerical_Recipes,
van_Plateringen,Sien,11741347,Compilerbouw,Moderne_Databases
van_Poorten,Fedoua,21029457,Bioinformatica,Calculus_2
van_Putten,Jetty,70878567,Bioinformatica,Data_Mining,Informatie_en_organsatieontwerp,
van_Ravesteijn,Jersey,20374340,Interactie_ontwerp,
van_Riel,Jodi,58592894,Algoritmen_en_complexiteit,Calculus_2,Databases_2,Moderne_Databases
van_Rietschoten,Cleo,79879876,Heuristieken_1,Programmeren_in_Java_2
van_Roemburg,Caressa,7386961,Programmeren_in_Java_2,
van_Rosmalen,El,26172512,Lineaire_Algebra,
van_Rossem,Georgia,58736785,Heuristieken_1,Heuristieken_2
van_Ruitenbeek,Dragana,34110913,Compilerbouw,
van_Ruler,Borre,37498675,Kansrekenen_2,
van_Santen,Marilène,16333449,Lineaire_Algebra,Webprogrammeren_en_databases
van_Sleeuwen,Sanne,9332762,Collectieve_Intelligentie,Programmeren_in_Java_2,Technology_for_games,
van_Sommeren,Dalila,10698627,Programmeren_in_Java_2,Webprogrammeren_en_databases
van_Suijlekom,Elske,11996292,Databases_2,Heuristieken_1,Moderne_Databases,Technology_for_games
van_'t_Oever,Samah,47462856,Kansrekenen_2,Moderne_Databases
van_Teeffelen,Julot,96453361,Algoritmen_en_complexiteit,Bioinformatica,Zoeken_sturen_en_bewegen
van_Triest,Enrico,46989508,Compilerbouw,Databases_2
van_Vloten,Tarik,83210352,Lineaire_Algebra,Software_engineering
van_Voorden,Priscillia,29640619,Collectieve_Intelligentie,Databases_2,Netwerken_en_systeembeveiliging,Programmeren_in_Java_2,Software_engineering,
van_Waardenburg,Anne_Jan,56191333,Databases_2,Netwerken_en_systeembeveiliging
van_Walsum,Maggy,37701751,Databases_2,Interactie_ontwerp
van_Wanrooij,Maran,65675896,Compilerbouw_practicum,Interactie_ontwerp
van_Weel,Renco,89338938,Kansrekenen_2,Project_Numerical_Recipes,Software_engineering,Technology_for_games
van_Wensen,Hazel,35315956,Heuristieken_2,
van_Wiggen,Sanna,32595335,Lineaire_Algebra,
van_Zeijl,Hui,14138904,Architectuur_en_computerorganisatie,Compilerbouw_practicum,Heuristieken_1,
van_Zijderveld,Jorian,41153310,Programmeren_in_Java_2,Software_engineering
van_Zoelen,Anthonius,64768422,Interactie_ontwerp,
van_Zon,Christiaan,66570705,Lineaire_Algebra,
Veeke,Neele,48198668,Moderne_Databases,
Veldhuis,Bobby,61443567,Collectieve_Intelligentie,Heuristieken_2,Programmeren_in_Java_2,Webprogrammeren_en_databases
Velt,Vinod,17092717,Databases_2,Webprogrammeren_en_databases
Vendel,Nadja,91250534,Compilerbouw_practicum,
Verhorst,Solomon,88636924,Compilerbouw,
Verkuijl,Yuki,5085194,Analysemethoden_en_technieken,Compilerbouw_practicum,Databases_2,
Vermanen,Chloe,23565001,Analysemethoden_en_technieken,Calculus_2,Lineaire_Algebra,
Vermeeren,Talha,97136582,Data_Mining,Netwerken_en_systeembeveiliging
Versantvoort,Maureen,70072978,Databases_2,Moderne_Databases,Programmeren_in_Java_2,
Versteeg,Kavish,22323043,Data_Mining,Heuristieken_1,Software_engineering,Technology_for_games
Vervaart,Sherman,12430748,Project_Numerical_Recipes,Technology_for_games
Vingerhoets,Karim,98105190,Compilerbouw,Heuristieken_1
Vinke,Jiri,73980360,Collectieve_Intelligentie,
Vinken,Kamiel,73350019,Analysemethoden_en_technieken,
Visch,Arnela,95007221,Compilerbouw,
Voesten,Tjesse,13658563,Heuristieken_1,Informatie_en_organsatieontwerp,Reflectie_op_de_digitale_cultuur,Zoeken_sturen_en_bewegen,
Voigt,Edwinus,62363761,Calculus_2,Netwerken_en_systeembeveiliging
Volman,Nadien,31194811,Compilerbouw,Technology_for_games
Vooijs,Annemarie,5892092,Compilerbouw_practicum,
Voskuilen,Dax,78443067,Calculus_2,Moderne_Databases,Software_engineering,
Vries,Jort,9731271,Calculus_2,Kansrekenen_2,Netwerken_en_systeembeveiliging,Programmeren_in_Java_2
Vromans,Rhona,34806836,Autonomous_Agents_2,
Vullings,Zhen,53775014,Heuristieken_1,
Wallenburg,Laurent,44828429,Algoritmen_en_complexiteit,Interactie_ontwerp
Waninge,Vasco,15051051,Bioinformatica,Machine_Learning,Moderne_Databases,Zoeken_sturen_en_bewegen,
Warsame,Reduan,65960683,Collectieve_Intelligentie,Compilerbouw
Weij,Matisse,37770881,Collectieve_Intelligentie,Compilerbouw,Project_Genetic_Algorithms,
Welling,Jos,25106480,Collectieve_Intelligentie,Project_Genetic_Algorithms,Software_engineering,
Wensing,Evelina,56988998,Kansrekenen_2,Machine_Learning
Wesselink,Djamilla,28957789,Calculus_2,Kansrekenen_2,Zoeken_sturen_en_bewegen
Wesselman,Eyup,58074656,Software_engineering,
Wester,Harke,53107172,Collectieve_Intelligentie,Heuristieken_1
Westera,Yunus,2079771,Compilerbouw,Machine_Learning
Westgeest,Keshia,61520025,Calculus_2,
Westra,Mies,12782624,Programmeren_in_Java_2,
Wiegmans,Maryam,84449005,Moderne_Databases,Project_Genetic_Algorithms,Reflectie_op_de_digitale_cultuur,
Wielenga,Maris,19717077,Calculus_2,
Wiersema,Filipe,72796858,Autonomous_Agents_2,Compilerbouw,Databases_2,
Wijers,Vigo,39429093,Advanced_Heuristics,
Wijnands,Heiltje,48503689,Compilerbouw,Programmeren_in_Java_2,Project_Numerical_Recipes,
Wijngaarden,Marck,24277163,Collectieve_Intelligentie,Databases_2,Moderne_Databases,Reflectie_op_de_digitale_cultuur
Wijnsma,Alexandra,72456780,Analysemethoden_en_technieken,Databases_2,Netwerken_en_systeembeveiliging,
Wind,Ihsane,51052738,Reflectie_op_de_digitale_cultuur,
Winkelaar,Yuna,23652927,Algoritmen_en_complexiteit,
Wobbes,Jacko,30050930,Bioinformatica,
Woertman,Ayça,75521763,Collectieve_Intelligentie,Heuristieken_1,Informatie_en_organsatieontwerp,Moderne_Databases,Technology_for_games,
Wolswijk,Sayfeddine,28358060,Webprogrammeren_en_databases,
Wullink,Frederikus,33672995,Analysemethoden_en_technieken,Calculus_2
Yazici,Gabriëlla,52715680,Algoritmen_en_complexiteit,Compilerbouw_practicum,Reflectie_op_de_digitale_cultuur,Software_engineering
Yusuf,Vanita,10609762,Calculus_2,
Zaaijer,Juno,94930277,Heuristieken_1,Webprogrammeren_en_databases
Zagers,Fransiscus,39230359,Kansrekenen_2,Webprogrammeren_en_databases
Zhang,Mellanie,23658570,Analysemethoden_en_technieken,Calculus_2,Databases_2,Programmeren_in_Java_2
Zondag,Malte,14847953,Advanced_Heuristics,Interactie_ontwerp,Webprogrammeren_en_databases,
Zonneveld,Marise,98780382,Data_Mining,
Zwarts,Chico,59289233,Architectuur_en_computerorganisatie,
Zweekhorst,Stein,21311067,Lineaire_Algebra,
